4294967278,42
4294967278,41
4294967278,40
4294967279,338
6,7
6,6
6,5
4294967278,290
4294967278,43
4294967279,295
4294967278,531
4294967279,293
4294967279,294
4294967279,337
4294967278,46
4294967278,45
4294967278,44
4294967279,292
4294967279,335
4294967279,150
4294967279,333
4294967278,47
4294967279,365
4294967278,48
4294967279,332
4294967279,357
4294967278,55
4294967278,54
4294967278,53
4294967278,52
4294967278,51
4294967278,50
4294967278,49
4294967279,74
4294967279,72
4294967279,71
4294967279,70
4294967279,68
4294967279,67
4294967279,65
4294967279,64
4294967279,63
4294967279,60
4294967279,59
4294967279,56
4294967279,53
4294967279,52
4294967279,51
4294967279,50
4294967279,47
4294967279,46
4294967279,45
4294967279,42
4294967279,41
4294967279,38
4294967279,36
4294967279,35
4294967279,34
4294967279,29
4243767290,0
4294967294,98
4294967294,1025
4294967294,1024
4294967294,949
4294967294,941
4294967294,939
4294967294,900
4294967294,936
4294967294,54
4294967279,331
4294967294,56
4294967294,462
4294967294,458
4294967294,952
4243767290,3
4243767290,2
4294967294,397
4294967294,418
4294967294,449
4294967294,391
4294967294,386
4294967294,191
4294967294,405
4294967294,404
4294967294,408
4294967294,400
4294967294,410
4294967294,416
4294967294,412
4294967294,448
4294967294,402
4294967294,385
4294967294,413
4294967294,450
4294967294,407
4294967294,946
4294967294,945
4294967294,943
4294967294,942
4294967294,937
4294967294,926
4294967294,898
4294967294,896
4294967294,128
4294967294,831
4294967294,830
4294967294,60
4294967294,55
4294967294,57
4294967294,61
4294967294,426
4294967294,114
4294967294,118
4294967294,456
4294967294,457
4294967294,453
4294967294,108
4294967294,451
4294967294,455
4294967294,454
4294967294,422
4294967294,111
4294967294,110
4294967294,109
4294967294,178
4294967294,468
4294967294,467
4294967294,179
4294967294,117
4294967294,116
4294967294,181
4294967294,180
4294967294,973
4294967294,971
4294967294,394
4294967294,970
4294967294,172
4294967294,171
4294967294,119
4294967294,968
4294967294,466
4294967294,966
4294967294,965
4294967294,961
4294967294,960
4294967294,920
4294967294,919
4294967294,918
4294967294,917
4294967294,915
4294967294,914
4294967294,913
4294967294,912
4294967294,911
4294967294,909
4294967294,905
4294967294,903
4294967294,401
4294967294,1419
4294967279,32
4294967279,356
4294967294,9
4294967279,31
4294967294,107
4294967279,143
4294967294,91
4294967294,87
4294967294,85
4294967294,953
4294967294,924
4294967294,954
4294967294,419
4294967294,393
4294967294,45
4294967294,430
4294967294,44
4294967294,37
4294967279,330
4294967279,290
4294967279,28
4294967279,27
4294967279,26
4294967279,23
4294967279,21
4294967279,19
4294967279,17
4294967279,16
4294967279,15
4294967279,14
4294967279,12
4294967279,11
4294967279,10
4294967294,112
4294967294,136
4294967294,46
4294967294,42
4294967294,115
4294967294,165
4294967294,113
4294967294,167
4294967294,177
4294967294,30
4294967294,164
4294967294,97
4294967294,189
4294967294,80
4294967294,169
4294967294,174
4294967294,39
4294967294,40
4294967294,184
4294967294,384
4294967294,1418
4294967294,43
4294967294,388
4294967294,387
4294967294,429
4294967294,427
4294967294,18
4294967294,14
4294967294,126
4294967294,20
4294967294,13
4294967294,160
4294967294,168
4294967294,104
4294967294,106
4294967294,166
4294967294,24
4294967294,175
4294967294,183
4294967294,1415
4294967294,969
4294967294,967
4294967294,964
4294967294,963
4294967294,962
4294967294,921
4294967294,906
4294967294,904
4294967294,901
4294967294,190
4294967294,185
4294967294,182
4294967294,176
4294967294,173
4294967294,170
4294967294,163
4294967294,162
4294967294,161
19,5
4294967279,329
4294967279,327
8,4
5,5
9,4
4294967279,281
4294967294,417
4294967294,51
19,4
4294967294,99
4294967294,76
4294967294,120
4294967294,52
4294967294,415
4294967294,423
4294967294,82
5,1
5,4
2,4
4294967294,127
4294967294,19
4294967294,972
4294967294,1416
4294967294,83
4294967294,88
4294967294,50
4294967294,12
4294967294,469
4294967294,92
4294967294,81
4294967294,68
4294967294,11
4294967294,7
4294967294,6
4294967294,472
4294967294,5
4294967294,22
4294967278,132
4294967278,131
4294967278,130
4294967278,129
4294967278,128
4294967278,127
4294967278,126
4294967278,125
4294967278,124
4294967278,123
4294967278,122
4294967278,121
4294967278,120
4294967278,119
4294967278,118
4294967278,117
4294967278,116
4294967278,115
4294967278,114
4294967278,113
4294967278,112
4294967278,111
4294967278,110
4294967278,109
4294967278,108
4294967278,107
4294967278,106
4294967278,105
4294967278,104
4294967278,103
4294967278,102
4294967278,101
4294967278,100
